%YAML:1.0
---
K1: !!opencv-matrix
   rows: 3
   cols: 3
   dt: d
   data: [ 954.83691657557335, 0., 989.51868691484731, 0.,
       1122.9334731094746, 531.12996105432762, 0., 0., 1. ]
D1: !!opencv-matrix
   rows: 1
   cols: 5
   dt: d
   data: [ 0.15252282236864212, 1.9619184896215018,
       -0.010391612714482749, 0.0063340259214915333, -27.896842483223487 ]
K2: !!opencv-matrix
   rows: 3
   cols: 3
   dt: d
   data: [ 1316.7881435376332, 0., 934.81876262995411, 0.,
       3199.3198312152404, 582.25874737918218, 0., 0., 1. ]
D2: !!opencv-matrix
   rows: 1
   cols: 5
   dt: d
   data: [ -4.5919606739144339, 376.03418272321312, 0.08626863274250926,
       1.0218481935255415, -4774.3931910571655 ]
R: !!opencv-matrix
   rows: 3
   cols: 3
   dt: d
   data: [ 0.78716283666364606, 0.0039944143006483872,
       -0.61673228651501366, 0.0018903902848971651, 0.99995870287813227,
       0.0088892610971840445, 0.6167423246382665, -0.0081631607039135828,
       0.78712277810206288 ]
T: !!opencv-matrix
   rows: 3
   cols: 1
   dt: d
   data: [ 20.003707686715416, -1.7192652857338455, 67.314130516783919 ]
Q: !!opencv-matrix
   rows: 4
   cols: 4
   dt: d
   data: [ 1., 0., 0., 829.12790679931641, 0., 1., 0.,
       -502.67356872558594, 0., 0., 0., 1764.8072779512747, 0., 0.,
       -0.014235980512415867, 0. ]
