%YAML:1.0
---
K1: !!opencv-matrix
   rows: 3
   cols: 3
   dt: d
   data: [ 421.14478318785359, 0., 996.01030879136681, 0.,
       973.18703712082788, 555.26286683304795, 0., 0., 1. ]
D1: !!opencv-matrix
   rows: 1
   cols: 5
   dt: d
   data: [ -0.10598160190524668, -0.0054177764823102768,
       -0.015744535563318625, 0.11137884947551398, 0.0071552977827143358 ]
K2: !!opencv-matrix
   rows: 3
   cols: 3
   dt: d
   data: [ 1300.6953456655315, 0., 957.64586961798398, 0.,
       1351.4837641151357, 527.96813345221699, 0., 0., 1. ]
D2: !!opencv-matrix
   rows: 1
   cols: 5
   dt: d
   data: [ -0.0050815413161256189, 2.0142028843703677,
       -0.0024683520519139411, 0.01354837059234954, -15.400009645257501 ]
R: !!opencv-matrix
   rows: 3
   cols: 3
   dt: d
   data: [ 0.79115876650850903, -0.16299354600419202, 0.5894920780958075,
       0.25746003673418721, 0.96303273396580813, -0.079260852854179414,
       -0.55478116015377199, 0.21447857065758399, 0.80387611425338068 ]
T: !!opencv-matrix
   rows: 3
   cols: 1
   dt: d
   data: [ -17.020696192036421, 4.1759689153641038, 51.509444681729647 ]
Q: !!opencv-matrix
   rows: 4
   cols: 4
   dt: d
   data: [ 1., 0., 0., 915.29563331604004, 0., 1., 0.,
       92.012948989868164, 0., 0., 0., 293.18868868439534, 0., 0.,
       0.018379230214613407, 0. ]
